1 5.12009e-38
4 7.34663e-46
2 1.80163e-37
0 9.34514e-47
4 4.07238e-47
0 6.64938e-45
3 6.58732e-41
3 8.09088e-44
3 2.45962e-44
3 1.51318e-40
2 2.97581e-37
1 2.67415e-40
1 1.22621e-44
2 5.28951e-35
2 4.38765e-41
4 7.87248e-44
4 1.40822e-41
2 9.26748e-39
1 3.77372e-40
0 9.42532e-47
3 1.47998e-41
1 2.47077e-38
4 9.8315e-47
1 4.53132e-39
4 1.98092e-47
2 1.65448e-35
1 1.29323e-47
4 7.70946e-42
0 3.74584e-45
3 1.34279e-37
4 4.13849e-45
2 1.08266e-39
2 1.88221e-43
3 8.1694e-42
3 1.78478e-42
3 9.41437e-46
1 2.18214e-43
0 1.05543e-44
4 2.74932e-45
4 5.28291e-46
1 8.31719e-39
1 3.04553e-41
4 4.37112e-45
4 8.07499e-45
0 4.78475e-44
1 5.2599e-48
3 5.08219e-42
1 4.40554e-40
0 5.15348e-45
2 3.43382e-39
2 5.37697e-38
4 4.15339e-49
1 5.98247e-41
3 2.17223e-45
4 1.30078e-45
0 1.53602e-49
4 2.37716e-48
4 6.36976e-44
1 1.05766e-42
4 7.01942e-46
1 8.64626e-41
2 2.14154e-38
4 1.44696e-42
4 1.35645e-44
0 1.01351e-44
3 1.76817e-47
1 6.35353e-44
3 4.11777e-46
2 8.75908e-41
4 2.72173e-50
2 1.68276e-40
3 5.37332e-50
4 1.87538e-42
3 8.7694e-40
4 9.04759e-47
2 6.2716e-38
3 8.71718e-44
2 8.09761e-37
1 2.26119e-41
2 2.40463e-41
3 6.04618e-47
1 3.922e-42
2 9.14005e-39
0 1.96517e-48
0 1.12145e-44
2 3.39418e-44
2 8.50771e-36
4 1.36992e-45
1 1.60856e-37
2 5.10993e-39
2 6.84407e-40
1 8.32342e-42
3 8.00186e-46
4 1.5886e-42
2 2.2836e-34
3 1.09206e-45
2 5.27753e-43
3 1.1186e-43
2 7.30838e-38
0 8.57827e-48
1 1.1374e-42
1 5.02925e-40
1 3.87421e-42
1 3.69129e-46
4 1.58923e-43
1 9.62607e-42
4 2.93733e-44
2 2.65481e-36
3 2.81807e-47
0 9.98175e-48
4 1.78562e-49
1 8.23833e-48
3 3.03267e-43
3 1.98772e-43
4 4.65414e-43
1 3.51721e-40
2 1.75741e-45
2 1.76171e-35
2 4.62573e-41
0 1.70611e-43
2 5.56557e-38
3 3.8352e-45
1 1.35463e-40
2 1.29458e-37
4 7.28387e-49
4 8.23857e-43
3 8.93637e-46
2 8.94478e-36
1 4.26769e-36
2 1.55436e-36
3 6.96286e-43
4 1.34136e-42
1 6.05472e-44
3 4.78839e-38
3 2.82471e-45
3 1.46014e-42
4 2.83996e-44
3 1.30771e-44
3 1.26509e-44
2 6.86383e-39
0 1.97967e-43
3 7.85743e-44
1 1.06275e-40
0 5.52527e-45
1 9.69999e-46
0 1.23681e-49
2 3.51336e-33
1 2.74146e-42
1 1.88002e-40
3 1.42833e-43
0 8.52057e-47
3 6.50845e-46
4 2.4551e-45
3 3.15473e-47
3 7.05717e-44
0 6.40818e-45
1 3.38679e-44
3 8.80978e-41
0 2.48497e-46
1 5.03526e-47
2 3.05709e-35
3 6.15825e-43
3 3.8047e-46
1 1.13778e-46
2 3.77326e-34
3 5.35188e-43
0 1.98074e-41
2 5.14238e-42
4 6.32723e-46
1 7.94699e-40
1 6.47869e-46
3 3.62396e-41
3 9.13186e-39
1 4.9461e-40
1 8.95017e-40
3 3.0213e-42
2 2.17412e-41
4 2.76404e-44
0 1.36477e-45
2 1.69067e-36
2 2.81134e-38
1 4.8125e-44
4 7.5776e-45
2 7.12838e-41
2 1.27718e-34
1 1.48411e-45
1 4.94076e-40
2 3.04558e-41
0 5.46291e-46
2 5.48804e-38
4 1.97717e-45
4 4.1864e-43
1 1.25701e-43
1 6.83647e-44
0 2.42794e-45
3 1.24648e-41
2 9.34198e-41
4 1.74888e-41
2 1.51238e-35
4 8.36399e-45
1 2.32513e-43
1 6.50345e-41
1 1.20386e-37
2 1.57864e-38
4 7.11269e-47
4 4.22425e-49
2 1.37636e-37
1 1.79438e-42
0 1.45897e-43
3 1.74039e-38
1 4.37886e-40
3 6.17073e-45
1 2.52695e-44
1 5.37907e-42
4 1.84921e-46
3 3.26629e-40
1 1.56263e-41
3 1.55714e-44
3 2.89675e-41
2 1.21379e-33
2 1.21091e-36
3 3.69681e-38
1 1.87787e-43
3 5.92408e-43
1 3.84613e-42
0 2.50745e-47
2 4.54366e-40
3 8.89866e-45
1 3.50195e-44
2 1.28712e-38
2 1.81767e-38
3 5.42065e-44
0 4.53815e-40
0 4.73474e-46
3 2.06162e-48
3 2.4932e-40
3 1.64023e-47
0 3.85443e-43
2 1.47764e-36
0 6.54217e-47
2 4.87734e-40
4 4.63306e-41
1 1.65134e-41
4 7.7861e-45
1 1.30027e-39
4 3.69126e-43
4 1.14654e-43
2 1.35486e-35
1 3.5234e-43
2 8.67316e-39
3 1.48639e-42
4 2.39343e-43
2 7.67633e-39
4 8.77683e-40
4 3.23957e-45
2 1.47893e-32
3 2.48885e-48
1 4.4434e-42
0 1.41233e-47
3 1.66074e-45
2 1.10779e-42
4 1.97871e-38
2 3.00167e-40
2 3.36662e-41
2 2.46377e-33
1 7.08356e-41
3 6.19085e-43
0 2.3061e-44
1 7.83445e-42
4 2.27265e-44
1 1.00194e-41
3 1.10004e-44
1 6.71479e-48
1 3.66672e-45
2 7.77452e-37
3 1.86755e-42
4 2.5647e-43
0 1.97135e-44
3 6.84648e-41
2 5.26411e-33
1 4.75154e-42
1 1.14342e-38
4 2.43769e-45
0 3.89384e-46
3 5.47549e-45
0 9.76217e-47
2 3.70319e-35
2 1.51528e-39
2 3.28849e-37
1 2.71113e-39
1 4.92504e-44
1 2.43248e-45
1 1.01598e-44
0 7.28115e-50
2 6.47722e-37
4 1.34875e-43
2 2.71393e-41
4 7.79186e-47
1 1.38767e-42
3 3.29013e-41
3 8.30348e-47
3 4.63894e-46
3 2.38191e-47
4 4.16889e-43
4 9.85901e-43
1 9.88489e-43
3 8.95506e-42
0 3.59342e-44
4 2.99337e-47
1 2.41281e-40
4 8.52085e-42
0 7.64359e-47
3 2.55566e-46
1 8.63014e-45
2 6.6449e-38
4 1.10744e-42
0 2.34717e-47
4 2.8406e-44
3 1.89569e-48
2 5.99028e-39
4 1.62293e-43
1 2.66334e-42
3 9.2615e-46
3 3.59607e-43
0 3.86988e-50
4 9.85793e-51
0 3.0423e-45
4 5.04682e-46
2 1.16012e-35
1 1.97447e-46
3 6.32878e-45
1 1.89254e-37
2 6.54538e-41
3 9.64628e-46
1 6.74574e-41
2 7.56027e-38
3 2.9119e-45
1 3.4237e-45
0 3.23549e-42
1 2.12316e-45
2 4.8537e-39
4 5.42182e-45
4 3.33555e-47
0 7.16661e-45
1 3.8864e-47
4 1.49227e-42
2 2.98113e-41
1 5.97639e-41
4 9.59296e-48
0 2.5645e-45
1 9.44432e-43
0 6.52846e-46
1 4.38783e-41
2 4.35671e-39
4 9.82857e-51
2 1.51151e-36
4 6.60672e-43
4 1.18387e-41
1 1.49789e-39
2 1.16426e-40
1 2.57702e-45
4 1.43205e-42
4 5.08474e-46
0 4.06619e-44
0 4.87623e-45
4 1.07607e-46
1 9.12412e-44
3 6.08688e-44
1 1.89299e-41
2 2.10612e-36
4 3.42237e-49
2 7.00595e-40
1 5.63393e-44
3 3.98042e-44
2 3.03592e-37
1 3.15517e-47
4 4.4844e-45
1 2.25492e-41
4 4.39388e-42
1 1.4454e-41
2 2.97294e-38
3 1.01655e-42
0 5.3095e-45
4 1.29413e-44
1 2.54664e-46
1 3.08166e-46
2 6.31257e-42
0 4.31569e-44
1 5.96067e-42
3 1.09954e-41
3 1.27159e-36
3 9.2204e-43
0 3.15935e-49
3 3.52343e-41
4 3.34724e-41
1 1.84897e-40
2 3.68379e-40
2 2.79366e-36
2 1.56066e-42
3 7.09905e-44
3 1.0974e-45
1 5.02905e-43
3 4.38752e-40
4 6.85251e-47
4 3.48628e-42
4 1.41566e-45
1 3.61349e-41
3 7.79506e-46
4 2.50705e-44
0 1.84157e-46
4 2.94684e-43
2 3.63242e-38
4 4.47543e-41
1 1.05227e-41
4 3.19844e-45
4 7.29442e-43
3 8.48116e-44
1 1.13628e-43
2 4.98232e-43
1 1.98122e-42
4 4.32312e-45
2 2.1814e-39
0 1.24465e-42
0 1.77809e-44
4 1.27403e-47
4 1.60767e-44
2 9.2871e-38
2 4.71585e-38
4 2.42688e-45
1 2.24094e-44
1 3.97031e-44
4 5.52399e-44
1 2.15164e-43
1 1.01881e-44
1 1.67946e-42
2 1.03574e-41
2 8.24161e-39
2 5.27892e-43
2 3.03257e-38
2 1.25312e-40
2 3.51377e-39
3 3.23934e-43
4 4.60097e-43
2 1.81357e-39
1 1.89234e-41
4 5.0837e-45
0 2.6681e-46
0 6.17766e-47
3 1.93106e-43
2 5.2979e-38
1 1.10769e-39
2 2.20755e-34
4 7.68239e-53
1 4.49138e-44
1 1.3327e-38
3 5.65531e-42
0 8.19163e-43
0 3.10974e-44
2 8.81041e-45
1 3.28715e-41
4 1.97856e-45
4 9.67608e-43
4 9.28481e-46
1 3.5044e-43
2 1.04223e-36
1 2.72527e-41
3 2.03361e-39
2 3.08656e-35
4 1.80575e-44
1 1.24436e-40
2 6.72132e-39
2 1.61361e-42
0 1.34972e-44
1 1.40789e-46
4 5.89574e-51
1 4.27936e-47
1 1.16031e-44
0 4.77844e-44
3 7.96087e-44
1 6.81812e-47
4 1.26044e-44
3 1.13272e-42
1 1.0101e-43
0 1.08023e-48
0 2.74911e-44
2 2.25107e-35
2 1.30075e-37
2 1.9942e-36
2 5.78965e-39
1 1.71875e-43
4 3.06986e-45
1 3.32931e-38
2 3.32999e-36
1 4.32373e-42
4 3.39455e-48
3 1.16622e-41
1 5.56272e-40
1 1.28101e-42
1 1.66979e-48
4 1.25454e-46
4 1.79601e-45
1 7.83096e-41
3 7.27202e-45
2 3.54492e-37
1 3.94948e-44
4 1.19432e-41
0 3.16486e-44
1 6.14171e-41
2 3.46792e-43
3 2.50956e-42
1 2.38129e-45
0 2.31462e-44
1 2.92201e-45
4 5.99557e-45
3 1.5743e-45
0 1.59755e-44
1 2.51743e-43
1 2.99812e-47
2 7.04642e-39
1 1.51463e-38
2 3.03819e-40
0 5.20307e-40
2 9.04298e-41
4 5.38403e-44
0 1.88328e-44
2 2.23922e-34
2 8.99971e-42
2 6.87139e-36
1 4.31192e-42
1 4.55707e-43
1 8.45679e-46
4 5.73418e-47
3 6.55468e-45
3 1.75126e-46
4 1.05004e-45
1 7.61671e-44
4 3.07268e-43
2 9.47878e-38
1 6.12405e-44
4 2.32219e-45
2 4.32748e-33
2 1.66353e-37
1 1.04118e-41
3 2.0986e-44
3 2.78676e-41
4 1.26205e-47
1 4.57715e-43
4 2.48236e-44
1 2.13958e-40
1 3.52306e-40
2 3.00948e-37
3 1.00282e-43
3 5.05162e-45
0 1.73937e-43
2 2.55691e-33
0 2.59171e-45
3 3.01877e-42
4 6.98665e-45
1 1.29417e-41
4 5.8409e-47
1 2.52371e-44
1 1.0624e-42
3 4.40997e-43
2 1.48873e-35
4 2.64431e-45
2 1.42349e-39
1 4.91755e-45
1 5.51595e-44
3 3.34845e-45
4 2.88004e-45
1 2.66983e-43
1 6.07112e-43
2 1.26307e-36
1 1.4773e-45
3 6.34876e-43
4 6.457e-46
1 1.65652e-46
3 5.20099e-46
0 2.94998e-46
1 9.81532e-40
3 3.44522e-43
2 1.4023e-38
1 2.52175e-42
3 5.81512e-43
3 6.93289e-45
4 1.00969e-42
2 9.85986e-37
1 8.75088e-46
4 5.13261e-41
1 3.68066e-43
4 3.17101e-48
1 1.7927e-43
4 9.77345e-46
0 4.75661e-45
4 4.39492e-44
2 1.44731e-37
1 1.79462e-42
2 7.08443e-40
0 2.36145e-48
3 8.10206e-41
0 2.63594e-47
0 4.13586e-39
3 1.96603e-44
4 1.58763e-47
1 1.77657e-41
0 8.78389e-41
4 1.02893e-42
0 1.47422e-47
3 7.53382e-46
2 5.35262e-40
1 5.89329e-49
1 1.03086e-40
2 5.81713e-37
2 1.43359e-38
3 1.85594e-43
1 7.62397e-43
1 5.74864e-44
1 6.40121e-42
3 1.6929e-41
1 1.87463e-41
4 1.62023e-44
4 3.36947e-43
1 1.3628e-44
1 7.29538e-46
3 4.08529e-41
4 3.09085e-47
0 1.57637e-45
1 1.41461e-44
4 2.16325e-44
3 4.86624e-42
1 6.02804e-42
3 8.73082e-43
4 2.08544e-41
1 9.39732e-48
3 3.87269e-47
1 5.51545e-43
1 1.91566e-39
0 1.78714e-43
1 1.31092e-45
3 2.12533e-40
3 5.1307e-44
1 7.79058e-43
0 1.35471e-46
0 9.16853e-45
0 1.15378e-44
1 6.64151e-43
2 2.30422e-40
1 1.31791e-40
4 5.97453e-47
4 2.17956e-43
3 9.31782e-41
0 1.28965e-46
2 6.39931e-36
4 1.08981e-45
3 9.71982e-45
2 5.81407e-41
4 6.14705e-45
0 1.11193e-46
1 1.73285e-41
3 7.50856e-40
4 2.74055e-48
2 1.64381e-40
1 4.43193e-43
2 7.01815e-42
2 1.64882e-38
2 5.60879e-36
2 4.43587e-35
4 1.204e-44
4 6.00591e-48
0 9.18963e-47
4 3.49959e-45
3 7.83612e-40
2 6.30117e-40
4 2.15503e-41
4 1.20668e-42
1 1.23203e-45
4 5.70454e-45
3 2.74166e-47
1 2.57186e-44
3 1.52765e-40
1 2.06893e-41
4 6.25084e-49
1 6.93272e-40
2 3.09973e-36
4 1.31158e-43
4 8.77174e-45
0 3.39344e-44
1 9.44852e-45
2 7.60409e-37
3 2.62149e-41
1 2.15731e-45
1 4.59787e-45
1 5.13678e-45
1 1.02009e-48
2 9.81633e-34
1 8.07818e-45
3 4.31434e-44
2 8.04478e-40
1 7.27037e-41
1 2.53283e-42
0 1.50665e-46
4 1.08026e-48
2 3.99523e-34
1 3.65625e-41
1 1.29242e-46
1 1.4127e-40
2 1.15e-37
2 2.17991e-41
1 2.51394e-41
4 2.69158e-46
4 4.76351e-49
4 3.83277e-44
2 1.44127e-37
4 3.41454e-44
1 2.19256e-38
1 2.28906e-47
3 2.55354e-43
1 1.0423e-45
1 3.45798e-40
1 1.14838e-45
3 3.06178e-46
1 8.02368e-40
3 1.09644e-43
2 2.53457e-39
1 2.50009e-44
4 6.12409e-47
4 7.55406e-44
2 3.24534e-38
0 2.31152e-42
3 1.86184e-40
0 6.88577e-42
4 4.97849e-42
1 5.68272e-45
1 1.05708e-43
1 5.81206e-45
2 8.5384e-38
2 7.40775e-40
3 5.27615e-42
3 2.14077e-39
4 6.09759e-44
2 7.27965e-40
1 2.74971e-39
0 5.36934e-47
2 4.77522e-37
4 1.75436e-40
2 3.05172e-43
4 2.09226e-44
0 1.05582e-45
3 5.75571e-40
1 3.82311e-43
3 2.68873e-42
2 2.02574e-45
2 1.47057e-42
4 1.01581e-44
1 3.11879e-47
1 9.3922e-43
4 1.79895e-45
1 3.81287e-46
3 1.38592e-43
0 8.76124e-47
1 1.00028e-38
1 8.67882e-42
1 1.42064e-43
1 3.53974e-40
3 6.61803e-45
1 1.69458e-38
4 5.56922e-45
2 1.83022e-34
4 8.3483e-42
1 1.27602e-40
3 1.89846e-47
2 4.24219e-35
0 3.05358e-42
2 3.9995e-38
4 9.45116e-48
2 2.99055e-43
0 7.21075e-47
1 6.40168e-45
2 5.07925e-40
0 1.25011e-45
0 3.91251e-44
0 1.96379e-46
1 2.1336e-41
1 1.04823e-38
3 9.98989e-46
0 1.15736e-46
1 1.51152e-45
4 1.29758e-45
1 3.58348e-45
1 2.62153e-40
4 1.02153e-45
0 3.90075e-44
2 3.63371e-38
1 5.59344e-43
4 4.99918e-46
1 2.24022e-45
4 4.62379e-43
3 2.04359e-43
2 4.21316e-36
2 1.77074e-38
2 1.47511e-41
0 1.84631e-47
1 6.23608e-46
3 9.42867e-41
4 4.53968e-45
2 3.85005e-35
2 5.99972e-35
2 2.13393e-40
1 4.74946e-46
1 1.88274e-40
0 2.11715e-43
3 8.82452e-46
1 1.22422e-40
4 2.18046e-47
0 1.42853e-45
4 1.12845e-46
4 1.49303e-42
2 5.12603e-40
1 1.11899e-45
4 3.9533e-43
2 5.40551e-37
2 2.37749e-38
2 3.36757e-38
1 2.98926e-43
1 2.1452e-42
3 2.00225e-43
4 6.4814e-43
3 1.74049e-44
2 1.50896e-42
2 2.14358e-39
1 4.38393e-41
4 3.65324e-44
0 3.9832e-46
2 1.38526e-38
1 2.27663e-40
0 3.79267e-46
3 1.26329e-41
3 6.09356e-43
4 5.85482e-44
2 1.25624e-36
3 9.31692e-42
1 5.24691e-43
2 2.38731e-38
2 1.18163e-39
0 2.90718e-41
4 8.27959e-44
2 2.38357e-39
1 5.66867e-40
4 3.34832e-44
3 2.62949e-45
2 5.43477e-41
4 1.11569e-46
0 1.11376e-46
4 3.7506e-44
4 1.27518e-45
0 2.7087e-45
3 3.57922e-46
2 4.6803e-41
0 1.99801e-44
3 2.5326e-39
3 7.33961e-46
1 1.46689e-42
3 3.06672e-45
2 4.76682e-37
2 2.43004e-40
1 2.45806e-44
1 8.65099e-41
3 4.82213e-46
0 3.05053e-48
2 4.361e-37
2 1.04447e-39
4 9.07411e-43
4 3.9188e-42
3 3.19335e-45
4 6.52498e-44
0 1.06127e-43
1 1.57698e-44
4 5.56522e-43
1 2.25827e-40
2 1.7554e-37
4 9.49149e-46
1 2.54433e-42
3 1.34237e-39
4 3.86835e-41
2 9.71775e-40
3 3.1501e-42
1 2.67625e-46
1 2.01706e-39
4 4.3535e-49
4 3.75527e-42
2 2.21041e-41
0 3.24827e-42
2 1.96305e-39
4 6.07248e-40
1 9.24937e-43
4 7.07481e-42
1 1.8943e-43
3 2.65003e-41
2 2.3956e-41
0 5.95792e-51
4 2.80093e-46
0 4.50282e-43
3 8.80316e-47
1 1.97666e-38
2 4.50199e-35
4 3.28845e-44
3 1.87787e-41
3 3.76544e-44
3 3.20516e-44
2 6.11457e-44
3 3.44802e-45
2 1.62818e-39
3 1.53688e-41
3 9.38062e-44
0 8.96157e-42
0 1.31248e-44
2 1.80645e-32
0 3.0754e-44
4 4.50874e-42
1 4.1115e-45
3 1.06267e-43
4 8.18453e-47
2 1.21005e-36
4 1.49873e-43
0 3.44746e-47
2 4.4871e-39
2 1.67322e-41
0 4.7693e-52
1 6.01884e-39
1 7.28789e-46
1 1.34175e-42
1 1.08618e-44
1 2.21526e-42
4 1.00494e-41
3 1.23272e-47
0 1.33109e-47
1 4.81712e-41
1 5.68484e-43
3 2.68625e-47
2 8.6822e-33
4 2.40747e-47
3 1.98546e-43
3 9.66728e-45
3 9.13688e-45
2 1.07968e-36
0 5.78688e-48
3 2.46353e-47
0 7.15457e-44
3 2.47768e-40
1 3.25888e-46
1 2.4807e-43
2 1.4252e-39
0 1.09997e-43
3 5.69859e-41
1 1.38642e-42
3 6.88444e-45
2 1.51869e-35
4 1.74958e-46
4 5.83925e-46
4 5.80333e-45
3 1.22115e-41
1 1.73689e-41
3 3.19133e-45
1 1.36663e-41
2 1.81504e-42
4 1.22295e-44
3 1.6907e-41
0 1.56381e-46
2 4.65322e-38
1 2.28444e-41
2 2.31003e-41
4 1.34283e-42
2 3.00747e-42
1 3.80002e-46
4 9.85418e-47
2 5.2714e-36
4 3.78066e-43
4 3.17834e-41
0 1.77479e-43
4 1.18903e-48
0 5.35329e-44
1 9.45161e-47
4 5.60987e-48
3 1.40398e-42
2 1.39381e-40
4 2.74617e-45
0 6.96667e-47
0 1.06574e-45
1 1.112e-44
2 1.15833e-37
4 9.62185e-45
1 2.63575e-42
2 5.40216e-38
4 1.65904e-45
0 7.73489e-47
2 1.12951e-36
1 1.92834e-46
4 7.86728e-45
2 7.20968e-36
0 1.66794e-47
0 3.31455e-45
4 4.15376e-43
0 7.35459e-48
2 1.82035e-38
3 2.13426e-44
1 7.16186e-45
4 1.20143e-42
1 2.48652e-43
2 9.29112e-37
1 5.689e-47
0 2.91907e-45
4 2.53768e-43
1 3.58581e-46
1 3.7366e-48
2 1.55586e-34
3 1.87521e-44
2 7.37325e-37
2 1.54634e-36
1 2.05482e-44
1 2.53981e-44
4 5.95418e-41
3 5.96939e-46
2 3.8911e-37
2 9.07619e-34
1 1.16354e-41
0 4.21961e-45
3 1.57427e-42
1 9.52437e-44
4 6.19066e-41
3 2.75451e-42
3 1.44858e-46
4 2.47416e-40
4 3.09437e-46
0 1.48957e-46
4 2.63254e-45
4 1.85588e-45
4 4.21168e-45
2 7.91852e-42
3 9.9204e-47
1 8.50506e-43
3 1.03312e-43
1 1.1805e-41
1 6.07263e-41
2 1.98943e-43
2 6.4024e-38
3 9.98022e-43
0 2.18274e-45
1 1.53247e-45
4 5.91106e-49
1 1.51493e-40
3 9.07548e-44
2 1.54513e-39
2 4.55997e-39
1 3.12462e-43
2 1.62905e-36
1 5.67914e-42
4 1.24611e-44
1 2.43199e-43
1 2.40251e-40
2 5.09968e-39
0 3.90191e-43
4 1.81357e-44
4 8.41219e-45
4 3.18489e-47
4 3.37677e-43
3 9.00528e-46
4 2.98751e-44
4 8.82398e-45
0 2.51027e-50
3 2.5956e-42
1 5.82069e-45
3 4.15508e-46
3 6.1647e-48
4 3.29136e-46
2 1.13107e-40
1 1.59016e-42
2 1.88987e-40
1 8.32994e-45
2 1.42889e-38
0 4.06184e-43
1 1.38231e-41
3 1.19036e-43
1 1.38218e-37
2 1.46432e-38
3 2.28119e-44
4 6.1637e-47
3 5.59504e-48
0 1.47957e-50
4 7.5747e-44
3 4.4035e-45
4 4.19895e-46
0 1.11135e-44
2 8.05946e-36
2 2.2487e-38
1 2.05095e-41
1 4.60671e-40
4 4.28824e-48
1 2.28438e-43
1 2.74459e-42
4 1.06152e-43
1 4.79848e-46
4 4.23638e-49
4 4.55399e-45
1 3.50133e-45
3 1.76502e-43
3 5.10371e-46
4 3.88369e-46
1 6.13628e-44
2 2.54273e-35
4 1.01341e-45
2 3.67854e-40
0 1.55875e-47
2 9.6605e-36
4 1.15826e-43
2 6.84475e-36
2 2.6278e-36
4 1.27884e-41
4 8.37015e-41
0 2.88192e-45
1 7.83519e-40
1 4.86067e-43
3 9.3141e-45
3 2.36682e-47
4 5.06965e-42
0 2.0921e-42
1 3.31906e-44
1 2.71981e-43
2 1.9725e-41
2 1.44301e-41
2 2.0253e-35
1 1.27697e-42
1 6.88238e-46
2 4.16598e-33
3 1.53948e-46
1 1.73433e-45
4 3.06492e-47
0 1.22888e-43
4 3.86262e-46
1 4.87985e-47
4 2.28425e-41
4 4.52537e-45
1 6.57814e-41
1 7.26315e-44
0 1.94392e-42
0 8.75946e-40
1 1.10157e-39
1 2.44239e-44
3 1.00734e-41
1 3.43335e-40
1 2.01128e-39
1 7.45316e-39
3 3.6915e-46
1 1.11743e-40
1 1.28883e-42
4 7.43639e-40
2 3.31069e-37
1 2.81366e-40
1 1.45941e-43
3 1.35873e-44
3 2.7934e-44
0 7.83744e-46
0 1.1193e-46
2 5.46767e-38
1 1.30149e-42
3 2.01819e-41
2 2.74273e-43
1 5.47533e-40
3 1.71917e-38
2 3.90942e-37
2 4.30579e-39
3 3.62401e-47
4 7.21457e-43
0 1.51354e-44
3 7.91416e-43
1 2.21047e-39
0 2.56081e-44
4 6.32183e-48
2 1.01637e-35
2 1.23066e-40
3 2.2853e-38
3 2.01977e-39
0 4.60681e-47
3 4.0886e-45
0 9.40247e-44
0 1.45196e-42
2 1.96011e-34
2 9.10265e-40
4 1.40023e-42
4 8.89604e-48
0 2.11163e-49
3 1.55515e-47
1 2.41179e-43
3 8.03956e-44
0 2.47775e-45
1 2.14291e-40
0 1.67539e-43
0 2.44047e-42
3 3.38281e-40
3 5.90272e-47
3 3.47216e-45
1 3.15466e-44
4 4.65974e-47
4 8.19457e-47
1 1.65454e-42
3 9.21342e-43
3 1.80524e-45
1 2.01222e-41
1 1.4848e-42
3 1.01514e-40
1 5.05425e-44
0 2.82756e-44
1 3.93739e-40
3 8.47798e-41
3 3.12009e-46
2 2.70002e-39
1 8.63965e-47
1 1.36855e-41
0 2.48769e-43
0 1.2784e-41
2 1.30229e-35
1 2.0972e-39
2 1.85863e-38
2 9.67813e-35
4 3.99566e-43
1 1.92632e-45
0 9.0575e-47
1 1.7847e-45
0 4.36099e-47
2 3.79252e-40
2 2.53323e-38
1 3.89985e-43
3 6.79368e-46
3 5.55112e-41
4 1.15365e-39
0 3.29338e-44
4 9.10044e-46
1 2.07217e-45
1 2.10152e-45
1 9.2078e-44
2 3.23155e-39
0 1.20793e-46
4 2.99716e-46
0 6.00174e-45
2 1.98065e-38
3 1.79145e-43
1 2.43165e-43
1 7.47366e-42
1 7.32259e-45
4 1.23435e-43
0 6.60781e-50
0 1.38533e-47
4 2.11054e-43
4 2.82273e-43
0 3.34278e-49
2 1.76443e-34
3 2.0461e-44
2 5.46337e-40
1 7.60481e-40
3 2.23041e-40
3 1.06266e-48
3 6.96348e-39
4 5.20742e-45
4 2.5048e-40
3 1.10911e-42
2 1.22069e-38
1 6.99609e-40
4 8.80569e-43
3 3.74521e-47
2 9.38004e-31
3 1.15712e-44
2 9.39529e-34
1 6.28308e-49
3 7.56033e-40
3 7.11408e-47
1 1.43622e-44
1 7.88171e-41
4 1.16942e-40
2 4.90763e-34
1 1.74405e-39
4 6.59846e-46
2 3.58763e-34
0 1.23751e-50
4 1.41444e-47
2 5.65087e-38
4 4.775e-42
2 7.2101e-40
1 3.85118e-40
1 6.15267e-43
1 2.20768e-43
2 2.14053e-36
3 1.65966e-41
4 3.05728e-43
0 2.14303e-46
2 2.35148e-38
0 9.10526e-46
0 5.16824e-44
3 4.22673e-42
1 2.48964e-44
2 1.24782e-38
4 1.93127e-43
4 7.49284e-47
0 1.89246e-41
4 2.70873e-46
3 1.00332e-44
1 8.86386e-46
0 2.64154e-43
1 8.40137e-43
2 1.1457e-40
1 2.80939e-38
4 3.71342e-42
3 4.42137e-43
1 1.06484e-45
2 1.21667e-35
4 6.11881e-46
4 1.74119e-42
0 7.66832e-48
4 1.99476e-44
4 4.14872e-42
4 4.74164e-42
4 3.51348e-48
3 1.83186e-41
4 2.27403e-47
1 9.01486e-43
4 3.6067e-47
4 1.06643e-45
2 5.66992e-37
1 1.8103e-40
0 6.71594e-43
0 9.45233e-47
4 5.99441e-47
4 1.59355e-44
1 4.98502e-44
4 5.94661e-48
2 5.95145e-42
1 1.50144e-43
1 3.75574e-44
1 5.54715e-42
0 1.8578e-50
0 5.45717e-43
0 9.28884e-45
1 5.0424e-42
1 9.43687e-43
2 4.05053e-38
4 3.25171e-45
1 2.09354e-43
0 3.044e-45
3 8.45297e-43
0 1.60036e-41
1 6.98058e-41
4 3.20445e-42
3 2.49943e-40
2 3.38529e-39
1 2.93501e-44
1 1.92568e-43
1 6.04882e-46
3 1.64284e-46
2 3.94855e-39
3 1.85501e-39
3 2.38713e-42
1 7.76404e-45
4 3.42439e-43
1 9.88798e-42
4 7.77566e-43
0 1.10064e-44
2 4.01746e-41
1 2.00732e-43
4 1.5408e-43
0 4.14609e-42
3 3.447e-42
1 2.95118e-41
4 3.69586e-48
1 2.14529e-46
2 4.74446e-32
4 6.12753e-44
2 1.27498e-37
2 3.01587e-42
4 8.23092e-44
1 7.23753e-42
1 2.19812e-44
4 3.70257e-42
3 1.81803e-40
1 4.25966e-38
2 2.50771e-36
1 4.78429e-43
3 2.79715e-41
2 3.50097e-40
0 4.85863e-47
0 5.96492e-42
2 3.61493e-42
4 3.09486e-48
4 1.36534e-45
1 5.86813e-43
0 3.54941e-46
4 1.99539e-45
1 1.51856e-42
1 6.34787e-43
2 2.20294e-37
2 7.79988e-40
3 1.60139e-50
2 7.81134e-39
1 3.87379e-37
4 1.1372e-43
2 3.24083e-39
4 1.69875e-46
2 2.65497e-42
4 5.47725e-49
1 4.72035e-44
4 7.96888e-47
3 2.60853e-43
2 5.81939e-42
3 1.11218e-45
3 2.45928e-46
1 4.69882e-43
1 1.46925e-44
1 1.49947e-43
2 8.29356e-41
4 3.00507e-43
4 1.62504e-45
2 5.70647e-40
0 5.02623e-48
4 1.79495e-46
1 3.16693e-40
3 1.25812e-43
3 9.57746e-42
3 7.81882e-41
1 1.40773e-42
4 1.82436e-43
1 7.43388e-45
1 1.76073e-45
2 1.29083e-43
1 3.09875e-46
1 2.8639e-44
3 2.16583e-46
4 5.25135e-45
4 2.13244e-45
3 7.83584e-43
4 1.71358e-45
4 1.20385e-43
0 2.39215e-45
1 3.35057e-41
1 2.60479e-43
0 3.041e-48
2 7.49137e-45
1 1.19596e-42
1 2.15194e-39
2 4.16646e-41
4 4.50838e-49
0 2.157e-43
0 4.37144e-44
2 5.12285e-42
0 1.44656e-46
2 3.03019e-38
1 2.78252e-43
0 2.83194e-46
0 1.82382e-45
4 1.33722e-42
1 1.62565e-40
0 2.69356e-45
1 2.47077e-47
1 3.06951e-39
2 2.9749e-35
4 3.00643e-44
2 8.75317e-37
1 5.91987e-41
0 2.4668e-44
1 9.9486e-43
2 3.04731e-40
2 9.9968e-36
1 1.391e-39
0 3.96627e-47
4 6.73635e-48
1 2.65485e-42
1 9.80096e-39
3 1.03184e-42
4 7.06793e-44
4 1.31754e-39
2 2.61453e-36
4 2.59474e-41
4 1.8698e-45
2 3.8208e-38
3 1.58156e-37
3 5.7044e-41
0 5.47427e-45
4 5.66145e-47
0 8.11897e-41
3 6.99904e-51
2 1.52914e-36
0 8.48057e-50
4 1.33042e-48
1 1.87101e-42
0 6.20261e-42
2 9.04067e-38
3 5.15338e-41
1 2.13723e-45
1 2.87368e-40
3 1.06264e-46
3 4.26198e-46
1 2.07925e-45
0 1.52625e-41
3 3.65855e-48
2 8.5394e-35
4 1.40981e-47
2 8.77202e-34
4 1.42917e-41
1 4.39705e-44
4 3.74997e-42
1 5.96518e-45
2 4.82864e-36
1 2.20264e-42
3 1.97259e-46
3 8.77706e-41
4 3.37118e-46
4 1.64987e-46
3 7.07626e-44
2 1.47338e-38
0 1.08449e-45
1 6.91949e-45
4 1.22567e-46
0 5.94696e-47
0 4.04316e-48
2 2.9633e-36
1 9.06988e-41
1 1.42319e-47
4 1.29896e-47
3 7.02732e-45
1 8.70791e-42
1 7.53611e-42
4 4.65188e-45
2 1.62126e-39
4 1.21313e-46
2 1.31562e-34
4 1.82975e-44
0 6.92984e-43
1 6.21739e-45
2 2.02074e-41
0 7.91823e-46
2 1.04281e-37
0 7.73556e-44
1 6.17062e-43
1 1.18449e-38
2 7.70348e-37
4 7.89668e-46
4 2.62215e-42
3 1.35185e-45
3 1.43239e-44
3 3.43799e-46
2 1.84145e-31
3 4.0701e-41
1 2.10173e-39
1 1.06435e-40
1 8.71095e-44
4 2.61933e-47
2 9.96995e-37
0 6.82833e-41
1 4.22328e-44
0 6.29539e-46
4 2.26404e-45
4 8.15355e-48
0 5.0536e-50
1 2.29122e-45
1 8.11483e-43
4 1.18567e-45
3 2.19673e-47
2 3.33062e-42
3 5.17777e-45
1 3.30881e-42
3 4.14321e-46
2 4.09255e-38
1 1.99907e-43
0 3.8684e-45
2 1.20221e-38
2 2.48699e-37
3 5.86563e-44
1 3.14543e-38
2 1.97099e-37
4 1.6997e-42
1 2.31499e-49
1 4.6747e-44
4 5.07242e-49
0 2.04042e-46
3 3.72092e-46
3 7.12244e-38
2 3.01863e-42
2 3.18882e-39
2 5.94863e-44
3 7.67993e-40
0 5.1306e-46
3 1.88562e-42
0 3.602e-45
1 8.15939e-45
3 9.09933e-45
0 2.47984e-44
2 1.69984e-36
1 4.07584e-41
3 1.96347e-46
2 2.15703e-38
4 1.49412e-42
2 1.90518e-35
0 1.68311e-45
2 1.66439e-40
0 5.30098e-47
3 4.46834e-40
0 7.14524e-46
3 4.51677e-41
1 9.07338e-41
1 9.18411e-46
3 5.26123e-45
2 2.77905e-38
1 2.5284e-44
4 9.49144e-46
4 4.46589e-41
0 9.55818e-51
1 1.92276e-45
2 8.19422e-38
1 1.05769e-46
3 3.24368e-43
4 1.18598e-47
3 2.8713e-47
0 4.52484e-44
1 4.06972e-45
0 3.2172e-50
4 1.39305e-41
2 3.64563e-44
0 3.70195e-49
0 2.37271e-44
1 1.94937e-43
2 1.78662e-43
1 1.47407e-48
3 2.97638e-41
1 3.67314e-42
1 2.75467e-43
0 1.59076e-47
4 1.44951e-46
0 1.6764e-47
4 1.85974e-50
2 2.02009e-36
0 4.16638e-41
0 2.56694e-42
1 3.38276e-44
0 1.18271e-43
2 8.30532e-44
1 1.55086e-42
2 1.74031e-33
1 7.91316e-43
4 1.39901e-46
4 1.99964e-46
0 1.7509e-46
3 4.91679e-40
2 1.62719e-36
3 3.80115e-42
3 1.67126e-43
2 1.20088e-38
2 5.49314e-32
1 4.48829e-44
2 1.09504e-36
1 7.73661e-44
2 8.55415e-41
3 4.27058e-47
1 9.97944e-43
0 7.86748e-45
0 6.15674e-51
2 7.42676e-38
3 4.92416e-41
2 3.27438e-37
3 8.33978e-45
1 5.82642e-39
3 1.38419e-39
3 3.2773e-46
2 3.29384e-35
0 2.00427e-45
0 1.18768e-45
1 6.56669e-45
4 4.78522e-50
1 1.38916e-43
3 1.30321e-43
2 8.46066e-39
2 3.29824e-37
3 1.37234e-45
1 1.36393e-45
2 2.49235e-39
4 5.95611e-46
1 1.44464e-47
0 2.07289e-46
1 2.82794e-43
4 5.7119e-48
2 9.50732e-33
2 6.33648e-39
2 2.29336e-33
3 1.04963e-39
0 1.50184e-40
1 2.37749e-41
0 1.15602e-43
2 6.00634e-38
4 5.80753e-48
4 9.67827e-43
2 1.45463e-37
2 1.17009e-32
1 4.13316e-49
2 2.27083e-38
2 1.10127e-36
3 2.7516e-42
3 1.77019e-43
1 3.00854e-45
4 6.46177e-42
3 4.18377e-44
2 1.14929e-39
0 3.4141e-44
4 3.01795e-44
2 1.00815e-36
1 4.45386e-44
3 2.37542e-46
3 1.48195e-38
3 9.72778e-42
3 1.8366e-43
3 4.19535e-48
3 4.52842e-44
4 9.43798e-42
1 4.05121e-43
1 1.30836e-44
4 3.34618e-43
2 2.33789e-42
4 1.53525e-41
2 2.27114e-41
4 6.19009e-48
1 1.44541e-40
2 2.42586e-41
2 4.24057e-41
2 8.77253e-37
1 4.24234e-42
1 4.89449e-47
4 6.48673e-42
1 5.7166e-44
3 1.77184e-45
3 3.02292e-45
2 1.87957e-37
3 4.64309e-43
2 1.5811e-36
4 9.35755e-45
0 5.11088e-44
4 4.32823e-43
4 3.0462e-45
1 1.38476e-44
1 1.00981e-42
4 5.56552e-41
0 3.64127e-46
3 1.36304e-42
2 3.36481e-41
1 4.04199e-43
4 3.4109e-52
2 7.69068e-42
2 2.41631e-38
1 1.0037e-40
4 2.07586e-41
1 1.81084e-43
1 1.24375e-47
1 1.00881e-41
4 5.52966e-43
1 2.3923e-42
4 3.1675e-40
3 1.05851e-44
4 4.72146e-41
1 2.06333e-44
0 1.71547e-41
4 3.34373e-44
3 2.75702e-42
3 7.59135e-41
2 4.48307e-39
3 2.08842e-45
3 1.43463e-41
2 3.84543e-39
3 3.22906e-46
2 1.86869e-37
2 7.36116e-35
0 4.51326e-45
4 6.91505e-43
4 1.23338e-45
4 4.92051e-42
2 1.29015e-42
4 6.11826e-43
1 3.60388e-40
1 5.33205e-45
4 6.75018e-43
1 5.49931e-42
0 9.84595e-46
2 4.44908e-39
2 4.06424e-39
0 9.65817e-47
1 8.33883e-41
3 3.53698e-42
3 2.05622e-45
3 6.99999e-44
1 3.03146e-42
2 3.98629e-37
3 1.06024e-42
3 4.21069e-41
1 2.03464e-44
3 1.56938e-41
0 1.82849e-44
3 1.4627e-42
3 8.7658e-41
3 2.32738e-45
2 2.4938e-38
0 1.65292e-48
0 2.06753e-45
4 2.28153e-44
0 1.16815e-44
3 9.79579e-42
3 2.0556e-42
1 1.01362e-40
4 5.64158e-47
3 3.08568e-41
0 3.62376e-44
0 1.13854e-47
2 8.17344e-39
0 2.44481e-47
2 1.45838e-41
0 5.33788e-46
0 6.39512e-45
3 5.94341e-42
2 3.22608e-38
2 2.33208e-35
1 5.52996e-41
0 8.14935e-46
2 1.46463e-31
0 4.00358e-42
1 3.87359e-41
2 1.26872e-39
2 3.5314e-38
2 3.8539e-38
1 7.03501e-40
4 9.10285e-43
4 3.01981e-44
3 2.61564e-44
1 7.09695e-45
3 4.12939e-42
1 7.02769e-41
2 4.22989e-41
4 2.07674e-43
1 7.96453e-42
3 2.5699e-43
2 6.53081e-42
3 2.58774e-45
4 4.97322e-41
1 4.43279e-43
1 1.67238e-50
1 6.25171e-43
3 9.41335e-43
0 1.67259e-43
1 4.06535e-43
4 1.02523e-44
2 1.72871e-34
4 6.78692e-41
0 2.44344e-43
0 3.01503e-43
2 1.64302e-36
1 5.74073e-43
3 9.14315e-42
2 6.39619e-42
1 2.16472e-43
2 1.91431e-41
3 3.66007e-42
0 2.84403e-45
2 2.7118e-35
3 5.68925e-43
2 8.94776e-38
4 3.49744e-40
4 7.70935e-47
3 3.19325e-45
3 1.74745e-43
4 6.76384e-44
3 2.31075e-45
3 4.16568e-47
3 6.54822e-46
1 4.57356e-42
4 3.349e-42
4 4.82703e-46
1 1.13744e-39
1 1.16066e-43
1 9.67491e-38
1 3.98665e-41
2 8.91933e-42
1 4.82369e-43
2 9.51528e-37
3 6.99466e-40
0 1.16721e-43
1 6.6178e-43
4 3.45176e-42
1 5.12582e-41
4 9.28572e-49
1 5.536e-42
0 2.6207e-45
0 1.31433e-47
3 5.44838e-43
3 2.92853e-47
3 1.45924e-44
4 2.16349e-48
2 7.47425e-35
1 2.02853e-42
4 5.5125e-46
3 2.20168e-45
4 3.23873e-43
4 7.80492e-42
1 2.41071e-42
2 1.15834e-38
2 6.8366e-39
4 9.55641e-44
4 5.48131e-42
4 5.31445e-47
4 5.63402e-43
3 3.1166e-43
3 8.57134e-41
4 4.99899e-48
3 3.19111e-44
0 1.00092e-48
4 5.16927e-44
1 5.62253e-42
0 1.40308e-44
3 1.42703e-48
3 9.99218e-48
3 2.07123e-43
0 1.57403e-47
1 1.10127e-40
1 5.65424e-40
3 1.02666e-42
4 1.56558e-44
0 5.9235e-45
1 1.70369e-41
4 7.64401e-42
3 4.10189e-39
2 4.93462e-42
3 2.1083e-42
1 1.01862e-41
2 9.52151e-41
1 5.73733e-40
4 8.86782e-45
4 1.13886e-43
1 2.04855e-40
2 1.73354e-35
1 6.99917e-41
1 6.38477e-41
1 2.85918e-50
3 7.13996e-45
3 1.08204e-43
4 6.90505e-42
2 3.86837e-45
3 3.96602e-41
2 7.08448e-37
0 1.62081e-45
0 5.21387e-45
1 2.41301e-43
3 3.46371e-45
1 3.48814e-47
1 4.00478e-43
4 2.07893e-41
3 9.32756e-44
4 1.97832e-44
4 6.62644e-41
4 2.04764e-45
0 7.55303e-48
4 6.49652e-47
1 3.82856e-48
2 4.36316e-39
0 2.48411e-44
3 2.97107e-45
3 1.33854e-41
0 1.52436e-48
4 4.16205e-42
2 1.71114e-39
3 2.21116e-41
4 5.80622e-41
3 2.10915e-42
0 2.68876e-42
0 2.93143e-47
0 1.57561e-44
4 7.26048e-48
4 5.60148e-46
1 1.38465e-43
3 5.8021e-44
1 1.43855e-41
1 3.09499e-46
3 2.68675e-46
1 3.64358e-45
1 7.47135e-40
4 1.59014e-51
1 2.22674e-39
0 3.72714e-47
4 1.85141e-44
2 1.82548e-39
3 1.2258e-44
4 3.73122e-45
3 1.15898e-41
0 4.42428e-43
1 2.48511e-45
0 2.60891e-46
4 1.92008e-46
3 2.25563e-44
0 6.59656e-42
1 5.20246e-44
3 4.96597e-44
4 1.9192e-41
3 4.30371e-44
2 2.07057e-38
4 4.67731e-45
3 4.19764e-47
3 2.42803e-43
2 2.80513e-40
1 3.94548e-47
3 1.7585e-41
2 1.13335e-41
3 3.3649e-42
3 9.07046e-46
4 1.9867e-45
2 1.79949e-41
2 1.52065e-35
0 1.41688e-42
1 1.65311e-45
3 1.58722e-43
3 4.25196e-42
3 3.48779e-41
3 1.02561e-42
2 5.93299e-35
1 4.34049e-42
1 9.47287e-47
1 2.76022e-42
0 8.27729e-45
3 4.70297e-46
4 3.26295e-48
0 3.73213e-43
4 8.95211e-43
1 4.86884e-46
1 3.53327e-45
4 3.18643e-43
1 7.90141e-48
0 2.6283e-43
2 6.20001e-39
4 5.7761e-45
2 2.27057e-38
2 5.34978e-35
4 8.65399e-45
4 1.50251e-42
4 4.62062e-43
1 2.29543e-40
3 2.44886e-42
1 2.04689e-44
0 7.04364e-46
0 2.4019e-41
4 7.15488e-42
4 1.11493e-46
1 6.09458e-43
0 5.79703e-47
3 4.27202e-42
2 1.74077e-37
1 1.00959e-39
2 1.44773e-36
2 1.36544e-39
1 1.77126e-45
2 2.68166e-42
2 2.99805e-38
3 2.40701e-44
3 5.00691e-43
2 6.85625e-40
3 1.86691e-40
2 1.38512e-40
3 5.06076e-41
1 6.52587e-41
0 8.17562e-46
2 5.08863e-35
4 4.15133e-46
4 2.25244e-47
0 9.11916e-44
0 3.5605e-45
0 1.00852e-45
1 3.06104e-41
4 8.93148e-40
4 1.68123e-45
4 1.66816e-43
2 2.34543e-37
0 1.9552e-44
3 1.01988e-43
3 3.30463e-43
2 3.84964e-36
1 2.39706e-43
1 1.85913e-40
4 8.14665e-46
2 9.92275e-36
2 1.25117e-39
1 6.04197e-39
4 2.30895e-45
1 2.49517e-39
2 1.15121e-39
0 2.45127e-45
2 5.32918e-40
3 2.6399e-40
2 1.48252e-41
4 7.67897e-44
4 3.64339e-47
0 6.93694e-42
0 1.24834e-43
2 1.02356e-39
1 5.59796e-41
2 1.07833e-33
0 7.24925e-47
1 2.62671e-40
2 5.6043e-40
0 5.62481e-47
1 1.15363e-36
0 2.13752e-43
3 6.53184e-42
0 4.21953e-46
4 2.41964e-47
3 1.73252e-47
4 2.6451e-44
1 6.3726e-47
3 1.66756e-45
2 3.98512e-38
3 8.45598e-45
3 1.70126e-44
3 6.65966e-45
0 1.72022e-45
3 2.4826e-44
1 3.36018e-43
0 8.1324e-48
0 5.4752e-45
2 1.42352e-39
1 1.81029e-40
2 1.36044e-41
4 6.06142e-45
1 2.63764e-49
3 1.62077e-45
3 5.06028e-43
4 7.43455e-47
1 7.26259e-44
2 3.0931e-38
3 1.17826e-44
2 8.94891e-36
4 1.65625e-39
1 3.70831e-42
1 6.03698e-43
1 2.69154e-45
1 7.18139e-46
2 5.37787e-40
4 5.60603e-45
2 5.32016e-47
0 2.26555e-48
4 3.16749e-42
1 1.54026e-46
1 1.62229e-43
2 8.67079e-42
2 1.4469e-36
1 5.49573e-42
2 4.00419e-41
0 4.50628e-45
1 3.81505e-39
1 4.92318e-42
1 2.95161e-49
1 1.21893e-40
3 4.20345e-46
2 8.3978e-38
3 2.53205e-47
0 1.45122e-46
1 2.11755e-41
3 1.79691e-48
1 7.47441e-41
3 1.66796e-42
4 2.3102e-43
4 1.36345e-41
1 6.02229e-43
0 6.86205e-48
1 2.4369e-37
3 1.77764e-47
0 3.1842e-46
0 6.60783e-46
1 3.63531e-41
1 8.30918e-45
0 1.95655e-47
1 3.36324e-48
2 1.16691e-39
1 1.7371e-43
4 8.75534e-50
4 3.22669e-43
1 2.15906e-40
3 7.18124e-41
0 1.14247e-46
3 3.05713e-45
1 2.29778e-42
0 2.14251e-46
1 5.6029e-44
2 5.0761e-41
3 2.44204e-46
1 1.0759e-43
2 5.29137e-37
4 1.02402e-43
1 3.11546e-40
2 1.76291e-42
2 1.85166e-41
2 1.09261e-38
1 1.61683e-42
1 7.77057e-43
3 4.4363e-46
3 1.26036e-45
2 6.92366e-36
2 1.54098e-40
3 2.70966e-48
1 1.62412e-40
0 2.82175e-46
3 1.31713e-42
1 6.03619e-44
1 4.50843e-42
1 8.3012e-44
1 1.98932e-42
4 4.75642e-48
3 5.66524e-44
2 2.53178e-34
3 4.68782e-43
2 2.01988e-32
1 1.75068e-42
3 2.67349e-44
4 1.00594e-44
4 1.98694e-46
1 9.56292e-41
2 8.72894e-40
3 1.82543e-46
2 2.50664e-38
3 3.04618e-41
2 6.77081e-39
4 5.80826e-48
2 2.83003e-36
2 1.55308e-33
1 6.71471e-41
1 3.00559e-46
4 5.19135e-39
0 9.71863e-46
3 5.22842e-42
3 1.33277e-48
1 5.28793e-42
3 2.97128e-45
0 8.62165e-45
1 5.16002e-44
1 3.24683e-44
4 1.95873e-45
3 1.07295e-44
0 2.63707e-44
1 7.85078e-43
4 1.1279e-38
2 1.49428e-44
1 5.88113e-45
0 1.03858e-44
2 5.01582e-38
4 2.83817e-49
1 1.17361e-44
3 4.03475e-45
3 1.03571e-41
1 1.33657e-44
4 1.32847e-42
0 3.08121e-47
2 1.74397e-41
1 6.61305e-43
3 1.76359e-46
3 1.70894e-43
0 1.41545e-44
4 3.91113e-39
3 1.51697e-40
2 7.90251e-34
0 1.50101e-43
4 4.06976e-43
4 7.2796e-44
3 3.20987e-41
1 1.50878e-45
0 5.01295e-47
3 6.11834e-46
2 2.32878e-39
0 7.86736e-44
3 3.51671e-43
1 1.18624e-41
1 4.67984e-43
4 1.99412e-44
1 1.38644e-42
4 2.68876e-44
1 8.0146e-44
3 1.65465e-42
3 2.39353e-45
4 1.75281e-41
1 2.33959e-49
1 3.49455e-42
3 4.14006e-43
2 3.76858e-42
2 2.33599e-40
2 2.25467e-36
2 7.62078e-38
4 6.5081e-42
4 8.50907e-46
0 1.76762e-47
4 6.36259e-41
2 3.67937e-38
0 8.86681e-43
3 1.78737e-39
3 9.09537e-43
2 1.47003e-34
4 8.80205e-43
4 1.3237e-47
0 9.67574e-48
4 1.66066e-42
1 4.69206e-45
1 3.79905e-44
3 2.94626e-42
4 7.33139e-40
4 4.39601e-43
1 6.31222e-41
0 2.45605e-45
4 1.12704e-45
4 1.52479e-45
3 1.25289e-43
2 4.99983e-40
2 2.47132e-41
0 4.90354e-43
1 2.33253e-42
0 2.50639e-46
4 6.64099e-49
3 8.54336e-44
1 1.50296e-40
3 2.07811e-46
0 1.41414e-44
4 5.58863e-44
3 1.53886e-39
1 6.70134e-44
4 1.31311e-46
1 3.82008e-40
3 1.41225e-42
2 1.34984e-37
2 6.02822e-42
1 2.79877e-40
3 5.03169e-44
3 1.96253e-41
1 3.98664e-46
3 5.09597e-45
0 2.03639e-42
1 1.55307e-40
0 2.26482e-48
3 1.54808e-43
3 7.62922e-46
4 4.39266e-42
3 6.27675e-44
3 1.15647e-43
1 1.73875e-41
0 1.96378e-46
3 8.52525e-48
0 3.70585e-50
3 4.79278e-43
4 8.67647e-45
3 8.67384e-44
1 3.09991e-43
1 9.08979e-47
2 4.96516e-39
1 1.11146e-45
2 6.15378e-43
1 2.09732e-42
4 1.3216e-44
3 1.35927e-44
0 1.10273e-50
1 2.28883e-43
4 3.29916e-47
1 8.01042e-43
2 2.41993e-36
2 5.78494e-38
3 1.25891e-43
4 7.43002e-49
1 1.06379e-37
4 1.68853e-44
1 4.82544e-41
3 4.22664e-45
4 1.08349e-43
0 2.03121e-47
2 5.36883e-39
4 1.49471e-45
2 3.75304e-39
0 1.04554e-42
2 8.70852e-37
1 9.1714e-41
1 5.65011e-46
1 9.28664e-43
4 5.79317e-48
1 2.25698e-42
1 3.56381e-39
4 1.74714e-39
4 2.48907e-45
3 4.84088e-44
4 2.03725e-43
1 8.64117e-46
4 5.48291e-46
3 3.68371e-41
1 1.35825e-40
2 1.5421e-36
0 9.15185e-43
1 2.25613e-43
4 6.76449e-45
3 1.52274e-43
1 9.43989e-38
3 9.01308e-44
1 8.20607e-42
1 7.03858e-46
2 5.53308e-40
3 8.48497e-43
2 9.22317e-36
3 2.74612e-41
4 2.87284e-47
1 5.06969e-43
4 1.25321e-45
0 2.15512e-45
3 7.90316e-43
1 5.18289e-43
1 3.04893e-43
4 3.24042e-42
4 5.06102e-45
4 2.95546e-43
4 1.0131e-50
1 6.28244e-47
2 1.53961e-38
4 9.49302e-46
3 3.16191e-44
1 1.97982e-45
1 2.61244e-41
4 1.56022e-44
1 7.41064e-46
2 1.35799e-38
3 1.43957e-42
1 8.46514e-41
0 1.52906e-40
4 4.56152e-45
3 2.87476e-41
0 2.63716e-48
4 3.53827e-48
0 6.98957e-46
1 1.57417e-45
3 1.95508e-44
3 1.7182e-42
1 5.77392e-40
3 1.03928e-48
2 5.31435e-38
1 4.19513e-43
2 2.93192e-37
1 2.18948e-43
1 4.05146e-41
3 8.33606e-43
1 1.50917e-41
2 1.46965e-36
2 4.58382e-34
4 2.41686e-41
3 1.49515e-40
0 6.45081e-44
3 5.97176e-43
1 6.71168e-39
2 2.14885e-40
1 7.21245e-41
2 6.72846e-39
1 4.13448e-39
3 1.32798e-45
2 4.6121e-37
1 7.528e-39
0 1.07682e-48
2 1.86482e-37
3 9.03459e-49
3 2.87798e-41
4 2.22435e-47
1 1.51663e-40
0 2.9598e-43
1 5.98867e-45
1 1.673e-40
1 2.50941e-41
3 1.04235e-42
1 6.95967e-44
3 2.12757e-44
3 1.80737e-38
4 2.06236e-43
3 2.63768e-44
2 1.08657e-40
3 8.67562e-46
0 1.13314e-49
0 9.18408e-44
2 2.68862e-35
3 3.3603e-41
4 1.62644e-42
4 3.86438e-48
3 3.25874e-45
2 1.16954e-36
3 2.04476e-37
4 4.29245e-50
1 1.2325e-40
4 2.57984e-47
4 7.43501e-49
3 6.84993e-41
1 7.11547e-42
0 2.70425e-45
0 6.06485e-46
1 1.24894e-39
3 1.39667e-44
4 8.41644e-42
1 1.65555e-45
3 8.17397e-46
3 2.4316e-41
3 4.01548e-42
